(3 , 0x9af)
(4 , +)
(3 , 878)
(4 , *)
(1 , pointlize)
(5 , ()
(3 , 100)
(4 , *)
(1 , p)
(4 , +)
(3 , 9)
(5 , ))
(3 , 9)
(4 , *)
(1 , max)
(5 , ()
(3 , 100)
(6 , ,)
(3 , 200)
(5 , ))
(1 , po)
(5 , ()
(3 , 999)
(6 , ,)
(3 , 100)
(6 , ,)
(3 , 200)
(6 , ,)
(1 , po)
(6 , ,)
(1 , po)
(4 , *)
(3 , 1)
(6 , ,)
(3 , 07)
(4 , +)
(3 , 12)
(4 , *)
(3 , 7)
(5 , ))
(4 , -)
(3 , 99)
(4 , +)
(1 , io)
(4 , +)
(5 , ()
(1 , in)
(5 , ))
(4 , -)
(1 , out)
(4 , &&)
(3 , 21)
(5 , ])
(1 , max)
(5 , ()
(3 , 100)
(6 , ,)
(3 , 200)
(5 , ))
