(2 , int)
(1 , a)
(5 , [)
(3 , 4)
(5 , ])
(5 , [)
(3 , 2)
(5 , ])
(4 , =)
(5 , {)
(5 , })
(6 , ;)
(2 , int)
(1 , b)
(5 , [)
(3 , 4)
(5 , ])
(5 , [)
(3 , 2)
(5 , ])
(4 , =)
(5 , {)
(3 , 1)
(6 , ,)
(3 , 2)
(6 , ,)
(3 , 3)
(6 , ,)
(3 , 4)
(6 , ,)
(3 , 5)
(6 , ,)
(3 , 6)
(6 , ,)
(3 , 7)
(6 , ,)
(3 , 8)
(5 , })
(6 , ;)
(2 , int)
(1 , c)
(5 , [)
(3 , 4)
(5 , ])
(5 , [)
(3 , 2)
(5 , ])
(4 , =)
(5 , {)
(5 , {)
(3 , 1)
(6 , ,)
(3 , 2)
(5 , })
(6 , ,)
(5 , {)
(3 , 3)
(6 , ,)
(3 , 4)
(5 , })
(6 , ,)
(3 , 5)
(6 , ,)
(3 , 6)
(6 , ,)
(3 , 7)
(6 , ,)
(3 , 8)
(5 , })
(6 , ;)
